<?xml version="1.0" encoding="UTF-8" standalone="no" ?>
<SimscapeMultibodyImportXML version="2.0" xmlns="urn:mathworks:SimscapeMultibody:import" xmlns:xsi="http://www.w3.org/2001/XMLSchema-instance">
<Created by="" on="04/23/25||11:06:51" using="Simscape Multibody Link Version 7.4" from="SolidWorks 32.1.0"/>
<ModelUnits mass="kilogram" length="millimeter"/>
<DataUnits mass="kilogram" length="meter"/>
<RootAssembly name="main" uid="main" version="11463">
<AssemblyFile name="main.SLDASM" type="SolidWorks Assembly"/>
<InstanceTree>
<Instance name="ceiling-3" uid="ceiling-3" entityUid="ceiling*:*other">
<Transform>
<Rotation>1 0 0 0 -1 0 0 0 -1</Rotation>
<Translation>-3.1489530099836874e-15 0.16424999999999898 -1.276114249740188e-15</Translation>
</Transform>
</Instance>
<Instance name="Mirrorside-3" uid="Mirrorside-3" entityUid="Mirrorside*:*Default">
<Transform>
<Rotation>1 0 0 0 1 0 0 0 1</Rotation>
<Translation>-0.049999999999999337 0 -0.049999999999996859</Translation>
</Transform>
</Instance>
<Instance name="M3_F_TO_F_STANDOFF-5" uid="M3_F_TO_F_STANDOFF-5" entityUid="M3_F_TO_F_STANDOFF*:*20mm">
<Transform>
<Rotation>-0.86602540378443815 -0.500000000000001 -1.1102230246251442e-16 -1.2716800460186155e-16 0 1 -0.500000000000001 0.86602540378443815 0</Rotation>
<Translation>0.029999999999996856 -0.14614997175514405 -0.030000000000001272</Translation>
</Transform>
</Instance>
<Instance name="hing_support-1" uid="hing_support-1" entityUid="hing_support*:*Default">
<Transform>
<Rotation>1 0 0 0 1 0 0 0 1</Rotation>
<Translation>-0.044999999999998382 0.071750000000003172 -0.044999999999996855</Translation>
</Transform>
</Instance>
<Instance name="M3_M_TO_F_STANDOFF-9" uid="M3_M_TO_F_STANDOFF-9" entityUid="M3_M_TO_F_STANDOFF*:*20mm">
<Transform>
<Rotation>3.524958103184872e-15 -1 0 0 0 0.99999999999999989 -1 -3.524958103184872e-15 0</Rotation>
<Translation>0.029999999999997379 -0.12454997175514405 -0.030000000000000665</Translation>
</Transform>
</Instance>
<Instance name="Real NRF-1" uid="Real NRF-1" entityUid="Real NRF" rigid="true">
<Transform>
<Rotation>1 0 0 0 -1.367995606967265e-15 -1 0 1 -1.367995606967265e-15</Rotation>
<Translation>-0.045000000000003149 -0.15614997175514403 -0.045000000000001275</Translation>
</Transform>
<Instance name="Real NRF.step-1" uid="Real NRF.step-1" grounded="true" entityUid="Real NRF.step" rigid="true">
<Transform>
<Rotation>1 0 0 0 1 0 0 0 1</Rotation>
<Translation>0 0 0</Translation>
</Transform>
<Instance name="NQvi-H2.step-1" uid="NQvi-H2.step-1" grounded="true" entityUid="NQvi-H2.step" rigid="true">
<Transform>
<Rotation>1 0 0 0 1 0 0 0 1</Rotation>
<Translation>0.049022098044196001 0.075819151638302995 0.0016000282448559999</Translation>
</Transform>
<Instance name="HDR-TH_4P-P2.54-V-M.step-1" uid="HDR-TH_4P-P2.54-V-M.step-1" grounded="true" entityUid="HDR-TH_4P-P2.54-V-M.step" rigid="true">
<Transform>
<Rotation>1 0 0 0 1 0 0 0 1</Rotation>
<Translation>0 0 0</Translation>
</Transform>
<Instance name="SOLID-0.step-1" uid="SOLID-0.step-1" grounded="true" entityUid="SOLID-0.step*:*Default">
<Transform>
<Rotation>1 0 0 0 1 0 0 0 1</Rotation>
<Translation>0 0 0</Translation>
</Transform>
</Instance>
</Instance>
</Instance>
<Instance name="NQvi-P8.step-1" uid="NQvi-P8.step-1" grounded="true" entityUid="NQvi-P8.step" rigid="true">
<Transform>
<Rotation>1 0 0 0 1 0 0 0 1</Rotation>
<Translation>0.061506629413258997 0.075819177038354002 0.0016000282448559999</Translation>
</Transform>
<Instance name="HDR-TH_2P-P2.54-V-F.step-1" uid="HDR-TH_2P-P2.54-V-F.step-1" grounded="true" entityUid="HDR-TH_2P-P2.54-V-F.step" rigid="true">
<Transform>
<Rotation>1 0 0 0 1 0 0 0 1</Rotation>
<Translation>0 0 0</Translation>
</Transform>
<Instance name="SOLID-1.step-1" uid="SOLID-1.step-1" grounded="true" entityUid="SOLID-1.step*:*Default">
<Transform>
<Rotation>1 0 0 0 1 0 0 0 1</Rotation>
<Translation>0 0 0</Translation>
</Transform>
</Instance>
</Instance>
</Instance>
<Instance name="NQvi-H1.step-1" uid="NQvi-H1.step-1" grounded="true" entityUid="NQvi-H1.step" rigid="true">
<Transform>
<Rotation>1 0 0 0 1 0 0 0 1</Rotation>
<Translation>0.032677571755143998 0.075819151638302995 0.0016000282448559999</Translation>
</Transform>
<Instance name="HDR-TH_5P-P2.54-V-F.step-1" uid="HDR-TH_5P-P2.54-V-F.step-1" grounded="true" entityUid="HDR-TH_5P-P2.54-V-F.step" rigid="true">
<Transform>
<Rotation>1 0 0 0 1 0 0 0 1</Rotation>
<Translation>0 0 0</Translation>
</Transform>
<Instance name="SOLID-1.step-1" uid="SOLID-1.step-1" grounded="true" entityUid="SOLID-1.step*:*Default">
<Transform>
<Rotation>1 0 0 0 1 0 0 0 1</Rotation>
<Translation>0 0 0</Translation>
</Transform>
</Instance>
</Instance>
</Instance>
<Instance name="Board_1.step-1" uid="Board_1.step-1" grounded="true" entityUid="Board_1.step*:*Default">
<Transform>
<Rotation>1 0 0 0 1 0 0 0 1</Rotation>
<Translation>0 0 0</Translation>
</Transform>
</Instance>
</Instance>
</Instance>
<Instance name="M3_M_TO_F_STANDOFF-16" uid="M3_M_TO_F_STANDOFF-16" entityUid="M3_M_TO_F_STANDOFF*:*20mm">
<Transform>
<Rotation>3.5527136788005009e-15 -1.0000000000000002 0 0 0 1 -1.0000000000000002 -3.4972025275692431e-15 0</Rotation>
<Translation>0.029999999999997366 -0.076349971755144061 -0.030000000000000693</Translation>
</Transform>
</Instance>
<Instance name="Solar panal-3" uid="Solar panal-3" entityUid="Solar panal*:*Moving">
<Transform>
<Rotation>-0.91468333802737023 0.40417123986635622 -3.4871387544520047e-15 -4.0100820782295811e-15 -4.4499926283804629e-16 1 0.40417123986635639 0.91468333802737001 2.0191620945452736e-15</Rotation>
<Translation>-0.16409849432330209 3.998786079142791e-09 0.010871824301802212</Translation>
</Transform>
</Instance>
<Instance name="Solar panal-1" uid="Solar panal-1" entityUid="Solar panal*:*Moving">
<Transform>
<Rotation>0.90222825616905589 0.43125882457074943 8.8887080826007399e-15 1.014208418880794e-14 -6.0698317129565994e-16 -1 -0.43125882457074943 0.902228256169056 -4.9215006741249181e-15</Rotation>
<Translation>-0.089653876613716668 1.9993943572087457e-09 -0.023358389192774082</Translation>
</Transform>
</Instance>
<Instance name="M3_M_TO_F_STANDOFF-14" uid="M3_M_TO_F_STANDOFF-14" entityUid="M3_M_TO_F_STANDOFF*:*25mm">
<Transform>
<Rotation>3.4416913763379845e-15 -1 0 0 0 1 -1 -3.4416913763379845e-15 0</Rotation>
<Translation>0.029999999999997366 -0.10044997175514407 -0.030000000000000693</Translation>
</Transform>
</Instance>
<Instance name="shutter_hinge-1" uid="shutter_hinge-1" entityUid="shutter_hinge">
<Transform>
<Rotation>7.5813244877561698e-16 0.93835402290429737 0.34567575515115512 -1 1.0888720153888454e-15 -7.6260768469904424e-16 -1.0919926450175795e-15 -0.34567575515115512 0.93835402290429737</Rotation>
<Translation>-0.12979522320161338 -0.080999998000608073 -0.0031392405151166505</Translation>
</Transform>
<Instance name="Part2^shutter_hinge-1" uid="Part2^shutter_hinge-1" grounded="true" entityUid="Part2^shutter_hinge*:*Default">
<Transform>
<Rotation>-1.7409723670421137e-15 1 -1.1802248265335312e-15 -0.89775164036859234 -2.0828521683767328e-15 -0.44050197753869608 -0.44050197753869608 2.9264700350193872e-16 0.89775164036859234</Rotation>
<Translation>-0.0089999999999999941 0.0040000000000000313 0.00049999999999999351</Translation>
</Transform>
<VisualProperties>
<Ambient r="0.6470588235294118" g="0.51764705882352935" b="0" a="1"/>
<Diffuse r="0.6470588235294118" g="0.51764705882352935" b="0" a="1"/>
<Specular r="0.45294117647058824" g="0.36235294117647054" b="0" a="1"/>
<Emissive r="0" g="0" b="0" a="1"/>
<Shininess>0.3125</Shininess>
</VisualProperties>
</Instance>
<Instance name="Part1^shutter_hinge-1" uid="Part1^shutter_hinge-1" entityUid="Part1^shutter_hinge*:*Default">
<Transform>
<Rotation>0.99999999999999989 1.8982669845442211e-15 -3.1774518897645925e-16 -1.8744467345231301e-15 0.99800898847269548 0.063071855274024369 4.3683977516314433e-16 -0.063071855274024313 0.99800898847269537</Rotation>
<Translation>-1.9993940669760235e-09 -2.3571881483913648e-05 0.00025328292687234327</Translation>
</Transform>
<VisualProperties>
<Ambient r="0.6470588235294118" g="0.51764705882352935" b="0" a="1"/>
<Diffuse r="0.6470588235294118" g="0.51764705882352935" b="0" a="1"/>
<Specular r="0.45294117647058824" g="0.36235294117647054" b="0" a="1"/>
<Emissive r="0" g="0" b="0" a="1"/>
<Shininess>0.3125</Shininess>
</VisualProperties>
</Instance>
<Instance name="Part1^shutter_hinge-2" uid="Part1^shutter_hinge-2" entityUid="Part1^shutter_hinge*:*Default">
<Transform>
<Rotation>-1 -1.9198212775058769e-15 -2.9779338334440365e-16 1.8839039544511194e-15 -0.99568523360325589 0.092795019178991356 -4.7465832672716984e-16 0.092795019178991356 0.99568523360325589</Rotation>
<Translation>-1.3045120539345589e-15 0.0079363434248235359 -0.00036902269351299366</Translation>
</Transform>
<VisualProperties>
<Ambient r="0.6470588235294118" g="0.51764705882352935" b="0" a="1"/>
<Diffuse r="0.6470588235294118" g="0.51764705882352935" b="0" a="1"/>
<Specular r="0.45294117647058824" g="0.36235294117647054" b="0" a="1"/>
<Emissive r="0" g="0" b="0" a="1"/>
<Shininess>0.3125</Shininess>
</VisualProperties>
</Instance>
</Instance>
<Instance name="spring-1" uid="spring-1" entityUid="spring*:*Default">
<Transform>
<Rotation>0.30905066885133142 0.95104557413540636 0 -1.8096681870417767e-16 1.0519463300272133e-16 1 0.95104557413540636 -0.30905066885133142 2.0461816369250338e-16</Rotation>
<Translation>0.049200000000001937 0.090000000000000024 -0.040699999999996753</Translation>
</Transform>
</Instance>
<Instance name="dummy PCB-6" uid="dummy PCB-6" entityUid="dummy PCB*:*normal">
<Transform>
<Rotation>1 0 0 0 1 0 0 0 1</Rotation>
<Translation>-3.1556625107618827e-15 -0.11454997175514404 -1.2624450096421214e-15</Translation>
</Transform>
</Instance>
<Instance name="3D_PCB_PCB_ADCs_2025-03-28_2025-03-28-1" uid="3D_PCB_PCB_ADCs_2025-03-28_2025-03-28-1" entityUid="3D_PCB_PCB_ADCs_2025-03-28_2025-03-28*:*Default">
<Transform>
<Rotation>1 0 0 0 1.083439717622589e-16 1 0 -1 1.0834397176225888e-16</Rotation>
<Translation>-0.045000000000003156 -0.066349971755144066 -0.045000000000001268</Translation>
</Transform>
</Instance>
<Instance name="pan head cross recess screw_iso-2" uid="pan head cross recess screw_iso-2" entityUid="pan head cross recess screw_iso*:*ISO 7045 - M3 x 16 - Z - 16N">
<Transform>
<Rotation>2.6894555103728659e-16 -0.83939540831001214 0.54352124936203539 1 2.5352547520365433e-16 -1.0328470382274362e-16 0 0.54352124936203539 0.83939540831001214</Rotation>
<Translation>0.029999999999999999 -0.16665000000000005 -0.02999999999999994</Translation>
</Transform>
</Instance>
<Instance name="ESP3-CAM v4.step-1" uid="ESP3-CAM v4.step-1" entityUid="ESP3-CAM v4.step" rigid="true">
<Transform>
<Rotation>0 0 1 1 -1.2246467991473525e-16 1.2246467991473532e-16 1.2246467991473525e-16 1 0</Rotation>
<Translation>-0.013499999999999998 -0.11438997175514408 0.049000000000000002</Translation>
</Transform>
<Instance name="ESP3-CAM.step-1" uid="ESP3-CAM.step-1" grounded="true" entityUid="ESP3-CAM.step" rigid="true">
<Transform>
<Rotation>1 0 0 0 1 0 0 0 1</Rotation>
<Translation>0 0 0</Translation>
</Transform>
<Instance name="switch-3x4x2mm - 2 Pad.step-1" uid="switch-3x4x2mm - 2 Pad.step-1" grounded="true" entityUid="switch-3x4x2mm - 2 Pad.step*:*Default">
<Transform>
<Rotation>1 0 0 0 5.9999999999999997e-15 -1 0 1 5.9999999999999997e-15</Rotation>
<Translation>0.0040000000000000036 0.00068498944704700054 0.021770402333087999</Translation>
</Transform>
</Instance>
<Instance name="resistor-NTC-0402-T0.6.step-1" uid="resistor-NTC-0402-T0.6.step-1" grounded="true" entityUid="resistor-NTC-0402-T0.6.step*:*Default">
<Transform>
<Rotation>1.9444888487687423e-15 0 1 0 1 0 -1 0 2.055511151231258e-15</Rotation>
<Translation>0.012200000002497005 0 0.015799999991442</Translation>
</Transform>
</Instance>
<Instance name="resistor-NTC-0402-T0.6.step-3" uid="resistor-NTC-0402-T0.6.step-3" grounded="true" entityUid="resistor-NTC-0402-T0.6.step*:*Default">
<Transform>
<Rotation>1.9444888487687423e-15 0 1 0 1 0 -1 0 2.055511151231258e-15</Rotation>
<Translation>0.011200000002497004 0 0.0059713616621019996</Translation>
</Transform>
</Instance>
<Instance name="resistor-NTC-0402-T0.6.step-4" uid="resistor-NTC-0402-T0.6.step-4" grounded="true" entityUid="resistor-NTC-0402-T0.6.step*:*Default">
<Transform>
<Rotation>-1 0 1.9444888487687423e-15 0 1 0 -2.055511151231258e-15 0 -1</Rotation>
<Translation>0.0044999999939380059 0 0.010599999988944999</Translation>
</Transform>
</Instance>
<Instance name="sop127p-6mm-8 v2.step-1" uid="sop127p-6mm-8 v2.step-1" grounded="true" entityUid="sop127p-6mm-8 v2.step" rigid="true">
<Transform>
<Rotation>0 -1 0 1.0000000000000001e-15 0 -1 1 0 1.0000000000000001e-15</Rotation>
<Translation>0.0040000000000000036 0 0.0070000000000000001</Translation>
</Transform>
<Instance name="icbody.step-1" uid="icbody.step-1" grounded="true" entityUid="icbody.step*:*Default">
<Transform>
<Rotation>1 0 0 0 1 0 0 0 1</Rotation>
<Translation>0 0 0</Translation>
</Transform>
</Instance>
<Instance name="Component5.step-3" uid="Component5.step-3" grounded="true" entityUid="Component5.step*:*Default">
<Transform>
<Rotation>1 0 0 0 1 0 0 0 1</Rotation>
<Translation>-0.0012700000000000003 0 0</Translation>
</Transform>
</Instance>
<Instance name="Component5.step-1" uid="Component5.step-1" grounded="true" entityUid="Component5.step*:*Default">
<Transform>
<Rotation>1 0 0 0 1 0 0 0 1</Rotation>
<Translation>0 0 0</Translation>
</Transform>
</Instance>
<Instance name="Component5(Mirror).step-4" uid="Component5(Mirror).step-4" grounded="true" entityUid="Component5(Mirror).step*:*Default">
<Transform>
<Rotation>1 1.224646799147352e-16 1.0000000000000001e-15 0 -1 -1.2246467991473525e-16 1.0000000000000001e-15 1.2246467991473537e-16 -1</Rotation>
<Translation>-0.0025399999999999997 0 0</Translation>
</Transform>
</Instance>
<Instance name="Component5(Mirror).step-2" uid="Component5(Mirror).step-2" grounded="true" entityUid="Component5(Mirror).step*:*Default">
<Transform>
<Rotation>1 1.224646799147352e-16 1.0000000000000001e-15 0 -1 -1.2246467991473525e-16 1.0000000000000001e-15 1.2246467991473537e-16 -1</Rotation>
<Translation>0.0012700000000000003 0 0</Translation>
</Transform>
</Instance>
<Instance name="Component5.step-4" uid="Component5.step-4" grounded="true" entityUid="Component5.step*:*Default">
<Transform>
<Rotation>1 0 0 0 1 0 0 0 1</Rotation>
<Translation>-0.0025399999999999997 0 0</Translation>
</Transform>
</Instance>
<Instance name="Component5.step-2" uid="Component5.step-2" grounded="true" entityUid="Component5.step*:*Default">
<Transform>
<Rotation>1 0 0 0 1 0 0 0 1</Rotation>
<Translation>0.0012700000000000003 0 0</Translation>
</Transform>
</Instance>
<Instance name="Component5(Mirror).step-3" uid="Component5(Mirror).step-3" grounded="true" entityUid="Component5(Mirror).step*:*Default">
<Transform>
<Rotation>1 1.224646799147352e-16 1.0000000000000001e-15 0 -1 -1.2246467991473525e-16 1.0000000000000001e-15 1.2246467991473537e-16 -1</Rotation>
<Translation>0 0 0</Translation>
</Transform>
</Instance>
<Instance name="Component5(Mirror).step-1" uid="Component5(Mirror).step-1" grounded="true" entityUid="Component5(Mirror).step*:*Default">
<Transform>
<Rotation>1 1.224646799147352e-16 1.0000000000000001e-15 0 -1 -1.2246467991473525e-16 1.0000000000000001e-15 1.2246467991473537e-16 -1</Rotation>
<Translation>-0.0012700000000000003 0 0</Translation>
</Transform>
</Instance>
</Instance>
<Instance name="ESp32-WROOM-32U v3.step-1" uid="ESp32-WROOM-32U v3.step-1" grounded="true" entityUid="ESp32-WROOM-32U v3.step" rigid="true">
<Transform>
<Rotation>9.4448884876874225e-16 1.0000000000000001e-15 -1 0 -1 -1.0000000000000001e-15 -1 0 -1.0555111512312579e-15</Rotation>
<Translation>0.015371238283597002 -0.00014548069035999478 0.022871238283597002</Translation>
</Transform>
<Instance name="ESp32-WROOM-32U v3-0.step-1" uid="ESp32-WROOM-32U v3-0.step-1" grounded="true" entityUid="ESp32-WROOM-32U v3-0.step*:*Default">
<Transform>
<Rotation>1 0 0 0 1 0 0 0 1</Rotation>
<Translation>0 0 0</Translation>
</Transform>
</Instance>
<Instance name="u.step-1" uid="u.step-1" grounded="true" entityUid="u.step*:*Default">
<Transform>
<Rotation>-1.0555111512312581e-15 0 1 0 1 0 -1 0 -9.4448884876874245e-16</Rotation>
<Translation>0.015660927459623001 0.00099999999999999395 -0.015148398681226999</Translation>
</Transform>
</Instance>
</Instance>
<Instance name="SMD LED 0603.step-1" uid="SMD LED 0603.step-1" grounded="true" entityUid="SMD LED 0603.step" rigid="true">
<Transform>
<Rotation>0 -1 -2.0000000000000002e-15 0 2.0000000000000002e-15 -1 1 0 0</Rotation>
<Translation>0.011999999999999997 0 0.018000000000000002</Translation>
</Transform>
<Instance name="Fusion.step-1" uid="Fusion.step-1" grounded="true" entityUid="Fusion.step*:*Default">
<Transform>
<Rotation>1 0 0 0 1 0 0 0 1</Rotation>
<Translation>0 0 0</Translation>
</Transform>
</Instance>
<Instance name="Fillet.step-1" uid="Fillet.step-1" grounded="true" entityUid="Fillet.step*:*Default">
<Transform>
<Rotation>1 0 0 0 1 0 0 0 1</Rotation>
<Translation>0 0 0</Translation>
</Transform>
</Instance>
</Instance>
<Instance name="Pin Header 4 x 1 TH 2.54mm Pitch.step-2" uid="Pin Header 4 x 1 TH 2.54mm Pitch.step-2" grounded="true" entityUid="Pin Header 4 x 1 TH 2.54mm Pitch.step*:*Default">
<Transform>
<Rotation>0 1 1.2246467991473525e-16 0 -1.2246467991473525e-16 1 1 1.2246467991473532e-16 0</Rotation>
<Translation>0.014882999999999993 -0.0026621578830709966 0.0022021578830710015</Translation>
</Transform>
</Instance>
<Instance name="MicroSD Slot.step-1" uid="MicroSD Slot.step-1" grounded="true" entityUid="MicroSD Slot.step" rigid="true">
<Transform>
<Rotation>1 0 0 0 -2.9999999999999998e-15 1 0 -1 -2.9999999999999998e-15</Rotation>
<Translation>0.026700000000000002 0.0030000000000000027 0.0172</Translation>
</Transform>
<Instance name="sdreader.step-1" uid="sdreader.step-1" grounded="true" entityUid="sdreader.step*:*Default">
<Transform>
<Rotation>1 0 0 0 1 0 0 0 1</Rotation>
<Translation>-0.011274412395674005 0.0026319613222420008 -0.0032000000000000015</Translation>
</Transform>
</Instance>
</Instance>
<Instance name="camera for ESP32.step-1" uid="camera for ESP32.step-1" grounded="true" entityUid="camera for ESP32.step" rigid="true">
<Transform>
<Rotation>0 -1 0 0 0 1 -1 0 0</Rotation>
<Translation>0.024146560425892 0.003319765030223 0.013512550300409001</Translation>
</Transform>
<Instance name="User Library-ov9655_ov9655_body.step-1" uid="User Library-ov9655_ov9655_body.step-1" grounded="true" entityUid="User Library-ov9655_ov9655_body.step*:*Default">
<Transform>
<Rotation>1 0 0 0 1 0 0 0 1</Rotation>
<Translation>0 0 0</Translation>
</Transform>
</Instance>
<Instance name="User Library-ov9655_ov9655_flex_reinf.step-1" uid="User Library-ov9655_ov9655_flex_reinf.step-1" grounded="true" entityUid="User Library-ov9655_ov9655_flex_reinf.step*:*Default">
<Transform>
<Rotation>1 0 0 0 1 0 0 0 1</Rotation>
<Translation>0 0 0</Translation>
</Transform>
</Instance>
<Instance name="User Library-ov9655_ov9655_lens.step-1" uid="User Library-ov9655_ov9655_lens.step-1" grounded="true" entityUid="User Library-ov9655_ov9655_lens.step*:*Default">
<Transform>
<Rotation>1 0 0 0 1 0 0 0 1</Rotation>
<Translation>0 0 0</Translation>
</Transform>
</Instance>
<Instance name="User Library-ov9655_ov9655_flex_pcb.step-1" uid="User Library-ov9655_ov9655_flex_pcb.step-1" grounded="true" entityUid="User Library-ov9655_ov9655_flex_pcb.step*:*Default">
<Transform>
<Rotation>1 0 0 0 1 0 0 0 1</Rotation>
<Translation>0 0 0</Translation>
</Transform>
</Instance>
<Instance name="User Library-ov9655_ov9655_back_panel.step-1" uid="User Library-ov9655_ov9655_back_panel.step-1" grounded="true" entityUid="User Library-ov9655_ov9655_back_panel.step*:*Default">
<Transform>
<Rotation>1 0 0 0 1 0 0 0 1</Rotation>
<Translation>0 0 0</Translation>
</Transform>
</Instance>
</Instance>
<Instance name="Pin Header 4 x 1 TH 2.54mm Pitch.step-3" uid="Pin Header 4 x 1 TH 2.54mm Pitch.step-3" grounded="true" entityUid="Pin Header 4 x 1 TH 2.54mm Pitch.step*:*Default">
<Transform>
<Rotation>0 1 1.2246467991473525e-16 0 -1.2246467991473525e-16 1 1 1.2246467991473532e-16 0</Rotation>
<Translation>0.01489 -0.0026621578830709966 0.025202157883071001</Translation>
</Transform>
</Instance>
<Instance name="Pin Header 4 x 1 TH 2.54mm Pitch.step-4" uid="Pin Header 4 x 1 TH 2.54mm Pitch.step-4" grounded="true" entityUid="Pin Header 4 x 1 TH 2.54mm Pitch.step*:*Default">
<Transform>
<Rotation>0 1 1.2246467991473525e-16 0 -1.2246467991473525e-16 1 1 1.2246467991473532e-16 0</Rotation>
<Translation>0.0047100000000000058 -0.0026621578830709966 0.025202157883071001</Translation>
</Transform>
</Instance>
<Instance name="Pin Header 4 x 1 TH 2.54mm Pitch.step-1" uid="Pin Header 4 x 1 TH 2.54mm Pitch.step-1" grounded="true" entityUid="Pin Header 4 x 1 TH 2.54mm Pitch.step*:*Default">
<Transform>
<Rotation>0 1 1.2246467991473525e-16 0 -1.2246467991473525e-16 1 1 1.2246467991473532e-16 0</Rotation>
<Translation>0.004720000000000002 -0.0026621578830709966 0.0022021578830709997</Translation>
</Transform>
</Instance>
<Instance name="capacitor-CAPM-TANTB-YL.step-1" uid="capacitor-CAPM-TANTB-YL.step-1" grounded="true" entityUid="capacitor-CAPM-TANTB-YL.step*:*Default">
<Transform>
<Rotation>1 0 0 0 1.0000000000000001e-15 -1 0 1 1.0000000000000001e-15</Rotation>
<Translation>0.010999999999999996 0.0001049746845570021 0.022104976947167003</Translation>
</Transform>
</Instance>
<Instance name="nano - reg.step-1" uid="nano - reg.step-1" grounded="true" entityUid="nano - reg.step*:*Default">
<Transform>
<Rotation>-4.0555111512312581e-15 9.9999999999999929e-16 -1 1.1e-14 -1 -1.0000000000000001e-15 -1 -1.1e-14 3.9444888487687425e-15</Rotation>
<Translation>0.0044499999999999956 -4.6987003769968783e-06 0.014765737001614</Translation>
</Transform>
</Instance>
<Instance name="resistor-NTC-0402-T0.6.step-2" uid="resistor-NTC-0402-T0.6.step-2" grounded="true" entityUid="resistor-NTC-0402-T0.6.step*:*Default">
<Transform>
<Rotation>1.9444888487687423e-15 0 1 0 1 0 -1 0 2.055511151231258e-15</Rotation>
<Translation>0.010200000002497003 0 0.012299999991441001</Translation>
</Transform>
</Instance>
<Instance name="resistor-NTC-0805-T1.3.step-1" uid="resistor-NTC-0805-T1.3.step-1" grounded="true" entityUid="resistor-NTC-0805-T1.3.step*:*Default">
<Transform>
<Rotation>-1.0555111512312579e-15 0 1 0 1 0 -1 0 -9.4448884876874225e-16</Rotation>
<Translation>0.010350000013517005 0 0.014649999998020002</Translation>
</Transform>
</Instance>
<Instance name="resistor-NTC-0402-T0.6.step-20" uid="resistor-NTC-0402-T0.6.step-20" grounded="true" entityUid="resistor-NTC-0402-T0.6.step*:*Default">
<Transform>
<Rotation>1 0 0 0 1 0 0 0 1</Rotation>
<Translation>0.018000000000000002 0.0010000000000000009 0.0132</Translation>
</Transform>
</Instance>
<Instance name="resistor-NTC-0402-T0.6.step-6" uid="resistor-NTC-0402-T0.6.step-6" grounded="true" entityUid="resistor-NTC-0402-T0.6.step*:*Default">
<Transform>
<Rotation>1 0 0 0 1 0 0 0 1</Rotation>
<Translation>0.028500000000000011 0 0.024500000000000001</Translation>
</Transform>
</Instance>
<Instance name="resistor-NTC-0402-T0.6.step-14" uid="resistor-NTC-0402-T0.6.step-14" grounded="true" entityUid="resistor-NTC-0402-T0.6.step*:*Default">
<Transform>
<Rotation>0 0 1 0 1 0 -1 0 0</Rotation>
<Translation>0.017700000002496996 0.0010000000000000009 0.004299999991441001</Translation>
</Transform>
</Instance>
<Instance name="resistor-NTC-0402-T0.6.step-18" uid="resistor-NTC-0402-T0.6.step-18" grounded="true" entityUid="resistor-NTC-0402-T0.6.step*:*Default">
<Transform>
<Rotation>1 0 0 0 1 0 0 0 1</Rotation>
<Translation>0.021000000000000005 0.0010000000000000009 0.006000000000000001</Translation>
</Transform>
</Instance>
<Instance name="resistor-NTC-0402-T0.6.step-12" uid="resistor-NTC-0402-T0.6.step-12" grounded="true" entityUid="resistor-NTC-0402-T0.6.step*:*Default">
<Transform>
<Rotation>0 0 1 0 1 0 -1 0 0</Rotation>
<Translation>0.019700000002496998 0.0010000000000000009 0.0042999999914409993</Translation>
</Transform>
</Instance>
<Instance name="resistor-NTC-0402-T0.6.step-17" uid="resistor-NTC-0402-T0.6.step-17" grounded="true" entityUid="resistor-NTC-0402-T0.6.step*:*Default">
<Transform>
<Rotation>1 0 0 0 1 0 0 0 1</Rotation>
<Translation>0.018000000000000002 0.0010000000000000009 0.0072000000000000007</Translation>
</Transform>
</Instance>
<Instance name="resistor-NTC-0402-T0.6.step-11" uid="resistor-NTC-0402-T0.6.step-11" grounded="true" entityUid="resistor-NTC-0402-T0.6.step*:*Default">
<Transform>
<Rotation>0 0 1 0 1 0 -1 0 0</Rotation>
<Translation>0.020700000002496999 0.0010000000000000009 0.0042999999914409993</Translation>
</Transform>
</Instance>
<Instance name="resistor-NTC-0402-T0.6.step-13" uid="resistor-NTC-0402-T0.6.step-13" grounded="true" entityUid="resistor-NTC-0402-T0.6.step*:*Default">
<Transform>
<Rotation>0 0 1 0 1 0 -1 0 0</Rotation>
<Translation>0.018700000002496997 0.0010000000000000009 0.004299999991441001</Translation>
</Transform>
</Instance>
<Instance name="smd-transistor-SOT23-3.step-3" uid="smd-transistor-SOT23-3.step-3" grounded="true" entityUid="smd-transistor-SOT23-3.step*:*Default">
<Transform>
<Rotation>-1.0555111512312579e-15 -1 0 0 0 1 -1 9.4448884876874225e-16 0</Rotation>
<Translation>0.021573870103446011 0.0010580341796770018 0.019015835923770003</Translation>
</Transform>
</Instance>
<Instance name="resistor-NTC-0402-T0.6.step-8" uid="resistor-NTC-0402-T0.6.step-8" grounded="true" entityUid="resistor-NTC-0402-T0.6.step*:*Default">
<Transform>
<Rotation>3.0555111512312577e-15 0 -1 0 1 0 1 0 2.944488848768742e-15</Rotation>
<Translation>0.029299999991441006 0.0010000000000000009 0.024299999997503</Translation>
</Transform>
</Instance>
<Instance name="resistor-NTC-0402-T0.6.step-9" uid="resistor-NTC-0402-T0.6.step-9" grounded="true" entityUid="resistor-NTC-0402-T0.6.step*:*Default">
<Transform>
<Rotation>3.0555111512312577e-15 0 -1 0 1 0 1 0 2.944488848768742e-15</Rotation>
<Translation>0.030299999991441007 0.00099999999999999395 0.024299999997503</Translation>
</Transform>
</Instance>
<Instance name="capacitor-CAPC-0603-T0.9-BN.step-1" uid="capacitor-CAPC-0603-T0.9-BN.step-1" grounded="true" entityUid="capacitor-CAPC-0603-T0.9-BN.step*:*Default">
<Transform>
<Rotation>1 0 0 0 1 0 0 0 1</Rotation>
<Translation>0.021000000000000005 0.0010000000000000009 0.007000000000000001</Translation>
</Transform>
</Instance>
<Instance name="resistor-NTC-0402-T0.6.step-5" uid="resistor-NTC-0402-T0.6.step-5" grounded="true" entityUid="resistor-NTC-0402-T0.6.step*:*Default">
<Transform>
<Rotation>1 0 0 0 1 0 0 0 1</Rotation>
<Translation>0.025500000000000009 0 0.024500000000000004</Translation>
</Transform>
</Instance>
<Instance name="resistor-NTC-0402-T0.6.step-7" uid="resistor-NTC-0402-T0.6.step-7" grounded="true" entityUid="resistor-NTC-0402-T0.6.step*:*Default">
<Transform>
<Rotation>1 0 0 0 1 0 0 0 1</Rotation>
<Translation>0.032500000000000001 0 0.024500000000000001</Translation>
</Transform>
</Instance>
<Instance name="resistor-NTC-0402-T0.6.step-10" uid="resistor-NTC-0402-T0.6.step-10" grounded="true" entityUid="resistor-NTC-0402-T0.6.step*:*Default">
<Transform>
<Rotation>1 0 0 0 1 0 0 0 1</Rotation>
<Translation>0.031 0.00099999999999999395 0.017000000000000001</Translation>
</Transform>
</Instance>
<Instance name="resistor-NTC-0402-T0.6.step-15" uid="resistor-NTC-0402-T0.6.step-15" grounded="true" entityUid="resistor-NTC-0402-T0.6.step*:*Default">
<Transform>
<Rotation>1 0 0 0 1 0 0 0 1</Rotation>
<Translation>0.021000000000000005 0.0010000000000000009 0.0051999999999999998</Translation>
</Transform>
</Instance>
<Instance name="smd-transistor-SOT23-3.step-2" uid="smd-transistor-SOT23-3.step-2" grounded="true" entityUid="smd-transistor-SOT23-3.step*:*Default">
<Transform>
<Rotation>1 0 0 0 0 1 0 -1 0</Rotation>
<Translation>0.02700000000000001 0.0010580341796770018 0.023941965820323</Translation>
</Transform>
</Instance>
<Instance name="capacitor-CAPC-0603-T0.9-BN.step-2" uid="capacitor-CAPC-0603-T0.9-BN.step-2" grounded="true" entityUid="capacitor-CAPC-0603-T0.9-BN.step*:*Default">
<Transform>
<Rotation>1 0 0 0 1 0 0 0 1</Rotation>
<Translation>0.022000000000000006 0.0010000000000000009 0.021000000000000005</Translation>
</Transform>
</Instance>
<Instance name="smd-transistor-SOT23-3.step-1" uid="smd-transistor-SOT23-3.step-1" grounded="true" entityUid="smd-transistor-SOT23-3.step*:*Default">
<Transform>
<Rotation>1 0 0 0 0 1 0 -1 0</Rotation>
<Translation>0.026999999999999996 0.0010580341796770018 0.0024419658203230013</Translation>
</Transform>
</Instance>
<Instance name="resistor-NTC-0402-T0.6.step-16" uid="resistor-NTC-0402-T0.6.step-16" grounded="true" entityUid="resistor-NTC-0402-T0.6.step*:*Default">
<Transform>
<Rotation>1 0 0 0 1 0 0 0 1</Rotation>
<Translation>0.018000000000000002 0.0010000000000000009 0.0062000000000000006</Translation>
</Transform>
</Instance>
<Instance name="LED SMD 5050 White.step-1" uid="LED SMD 5050 White.step-1" grounded="true" entityUid="LED SMD 5050 White.step*:*Default">
<Transform>
<Rotation>1 0 0 0 0 1 0 -1 0</Rotation>
<Translation>0.029999999999999999 0.0012963024112899943 0.0021002722057020008</Translation>
</Transform>
</Instance>
<Instance name="connector smd usl00-20l_p0-4_l12-6_w2-75.step-1" uid="connector smd usl00-20l_p0-4_l12-6_w2-75.step-1" grounded="true" entityUid="connector smd usl00-20l_p0-4_l12-6_w2-75.step*:*Default">
<Transform>
<Rotation>2.944488848768742e-15 -8.9999999999999995e-15 1 0 1 8.9999999999999995e-15 -1 0 3.0555111512312577e-15</Rotation>
<Translation>0.026791000234442003 0.0010000000000000009 0.014008999765558002</Translation>
</Transform>
</Instance>
<Instance name="resistor-NTC-0402-T0.6.step-19" uid="resistor-NTC-0402-T0.6.step-19" grounded="true" entityUid="resistor-NTC-0402-T0.6.step*:*Default">
<Transform>
<Rotation>1 0 0 0 1 0 0 0 1</Rotation>
<Translation>0.018000000000000002 0.0010000000000000009 0.014200000000000001</Translation>
</Transform>
</Instance>
<Instance name="smd-transistor-SOT23-3.step-4" uid="smd-transistor-SOT23-3.step-4" grounded="true" entityUid="smd-transistor-SOT23-3.step*:*Default">
<Transform>
<Rotation>-1.0555111512312579e-15 -1 0 0 0 1 -1 9.4448884876874225e-16 0</Rotation>
<Translation>0.021573870103445997 0.0010580341796770018 0.010015835923770002</Translation>
</Transform>
</Instance>
<Instance name="Micro SD-Card.step-1" uid="Micro SD-Card.step-1" grounded="true" entityUid="Micro SD-Card.step*:*Default">
<Transform>
<Rotation>1 0 0 0 1 0 0 0 1</Rotation>
<Translation>0.0070000000000000062 0.0026400000000000035 0.012500000000000001</Translation>
</Transform>
</Instance>
</Instance>
<Instance name="eBom-FreeParts.step-1" uid="eBom-FreeParts.step-1" grounded="true" entityUid="eBom-FreeParts.step*:*Default">
<Transform>
<Rotation>1 0 0 0 1 0 0 0 1</Rotation>
<Translation>0 0 0</Translation>
</Transform>
</Instance>
</Instance>
<Instance name="dummy PCB-7" uid="dummy PCB-7" entityUid="dummy PCB*:*normal">
<Transform>
<Rotation>1 0 0 0 1 0 0 0 1</Rotation>
<Translation>-3.1723592242155389e-15 -0.087949971755140743 -3.0956140428796215e-15</Translation>
</Transform>
</Instance>
<Instance name="dummy PCB-8" uid="dummy PCB-8" entityUid="dummy PCB*:*normal">
<Transform>
<Rotation>1 0 0 0 1 0 0 0 1</Rotation>
<Translation>-3.1571967262777826e-15 -0.13614997175514404 -1.2620113287731272e-15</Translation>
</Transform>
</Instance>
<Instance name="slotted_hinge-1" uid="slotted_hinge-1" entityUid="slotted_hinge*:*Default">
<Transform>
<Rotation>0.90222825616905589 7.3116087354779463e-15 -0.43125882457074927 -1.0142084188807945e-14 1 -4.26395030395101e-15 0.43125882457074927 8.220919753088132e-15 0.90222825616905589</Rotation>
<Translation>0.065373134911207387 -0.16024999800060546 -0.030530946782369395</Translation>
</Transform>
</Instance>
<Instance name="slotted_hinge_outter-1" uid="slotted_hinge_outter-1" entityUid="slotted_hinge_outter*:*Default">
<Transform>
<Rotation>0.91468333802736979 -2.08584868105625e-15 0.40417123986635695 4.0100820782295826e-15 1 -3.9144462147916692e-15 -0.40417123986635695 5.2012385757981532e-15 0.91468333802736979</Rotation>
<Translation>-0.18534889281451841 -0.16124999600121467 0.024634838650569719</Translation>
</Transform>
</Instance>
<Instance name="M3_F_TO_F_STANDOFF-1" uid="M3_F_TO_F_STANDOFF-1" entityUid="M3_F_TO_F_STANDOFF*:*5mm">
<Transform>
<Rotation>3.3445468616832841e-15 -1.0000000000000002 0 -1.4904602868820015e-15 0 -1 1.0000000000000002 3.3445468616832841e-15 -1.4904602868820004e-15</Rotation>
<Translation>0.029999999999996949 -0.16025000000000003 -0.030000000000001165</Translation>
</Transform>
</Instance>
<Instance name="M3_M_TO_F_STANDOFF-13" uid="M3_M_TO_F_STANDOFF-13" entityUid="M3_M_TO_F_STANDOFF*:*35mm">
<Transform>
<Rotation>0.86602540378444159 -0.49999999999999478 0 0 0 0.99999999999999978 -0.49999999999999478 -0.86602540378444159 0</Rotation>
<Translation>0.029999999999997057 -0.047249943510288071 -0.030000000000001054</Translation>
</Transform>
</Instance>
<Instance name="M3_M_TO_F_STANDOFF-25" uid="M3_M_TO_F_STANDOFF-25" entityUid="M3_M_TO_F_STANDOFF*:*20mm">
<Transform>
<Rotation>3.524958103184872e-15 1 0 0 0 1 1 -3.524958103184872e-15 0</Rotation>
<Translation>-0.029999999999997379 -0.12454997175514405 -0.030000000000000665</Translation>
</Transform>
</Instance>
<Instance name="M3_F_TO_F_STANDOFF-6" uid="M3_F_TO_F_STANDOFF-6" entityUid="M3_F_TO_F_STANDOFF*:*20mm">
<Transform>
<Rotation>-0.86602540378443815 -0.500000000000001 1.1102230246251441e-16 -1.2716800460186155e-16 0 -1 0.500000000000001 -0.86602540378443815 0</Rotation>
<Translation>0.029999999999996856 -0.14614997175514405 0.030000000000001272</Translation>
</Transform>
</Instance>
<Instance name="M3_F_TO_F_STANDOFF-7" uid="M3_F_TO_F_STANDOFF-7" entityUid="M3_F_TO_F_STANDOFF*:*20mm">
<Transform>
<Rotation>0.86602540378443815 0.500000000000001 1.1102230246251441e-16 -1.2716800460186155e-16 0 1 0.500000000000001 -0.86602540378443815 0</Rotation>
<Translation>-0.029999999999996856 -0.14614997175514405 0.030000000000001272</Translation>
</Transform>
</Instance>
<Instance name="M3_M_TO_F_STANDOFF-24" uid="M3_M_TO_F_STANDOFF-24" entityUid="M3_M_TO_F_STANDOFF*:*35mm">
<Transform>
<Rotation>-0.86602540378444159 0.49999999999999478 0 0 0 1 0.49999999999999478 0.86602540378444159 0</Rotation>
<Translation>-0.029999999999997057 -0.047249943510288064 0.030000000000001054</Translation>
</Transform>
</Instance>
<Instance name="M3_M_TO_F_STANDOFF-21" uid="M3_M_TO_F_STANDOFF-21" entityUid="M3_M_TO_F_STANDOFF*:*20mm">
<Transform>
<Rotation>-3.524958103184872e-15 1 0 0 0 1 1 3.524958103184872e-15 0</Rotation>
<Translation>-0.029999999999997379 -0.12454997175514404 0.030000000000000693</Translation>
</Transform>
</Instance>
<Instance name="M3_M_TO_F_STANDOFF-23" uid="M3_M_TO_F_STANDOFF-23" entityUid="M3_M_TO_F_STANDOFF*:*20mm">
<Transform>
<Rotation>-3.5527136788005001e-15 1 0 0 0 1 1 3.5527136788005001e-15 0</Rotation>
<Translation>-0.029999999999997379 -0.076349971755144061 0.030000000000000686</Translation>
</Transform>
</Instance>
<Instance name="M3_F_TO_F_STANDOFF-8" uid="M3_F_TO_F_STANDOFF-8" entityUid="M3_F_TO_F_STANDOFF*:*20mm">
<Transform>
<Rotation>0.86602540378443815 0.500000000000001 -1.1102230246251441e-16 -1.2716800460186155e-16 0 -1 -0.500000000000001 0.86602540378443815 0</Rotation>
<Translation>-0.029999999999996856 -0.14614997175514405 -0.030000000000001272</Translation>
</Transform>
</Instance>
<Instance name="M3_M_TO_F_STANDOFF-18" uid="M3_M_TO_F_STANDOFF-18" entityUid="M3_M_TO_F_STANDOFF*:*20mm">
<Transform>
<Rotation>-3.5527136788005001e-15 -1 0 0 0 1 -1 3.5527136788005001e-15 0</Rotation>
<Translation>0.029999999999997379 -0.076349971755144061 0.030000000000000686</Translation>
</Transform>
</Instance>
<Instance name="M3_M_TO_F_STANDOFF-20" uid="M3_M_TO_F_STANDOFF-20" entityUid="M3_M_TO_F_STANDOFF*:*35mm">
<Transform>
<Rotation>-0.86602540378444182 -0.49999999999999478 0 0 0 1 -0.49999999999999489 0.86602540378444159 0</Rotation>
<Translation>0.029999999999997057 -0.047249943510288064 0.030000000000001054</Translation>
</Transform>
</Instance>
<Instance name="M3_M_TO_F_STANDOFF-22" uid="M3_M_TO_F_STANDOFF-22" entityUid="M3_M_TO_F_STANDOFF*:*25mm">
<Transform>
<Rotation>-3.4416913763379845e-15 1 0 0 0 1 1 3.4416913763379845e-15 0</Rotation>
<Translation>-0.029999999999997373 -0.10044997175514407 0.030000000000000696</Translation>
</Transform>
</Instance>
<Instance name="M3_M_TO_F_STANDOFF-19" uid="M3_M_TO_F_STANDOFF-19" entityUid="M3_M_TO_F_STANDOFF*:*20mm">
<Transform>
<Rotation>-3.524958103184872e-15 -1 0 0 0 1 -1 3.524958103184872e-15 0</Rotation>
<Translation>0.029999999999997379 -0.12454997175514404 0.030000000000000693</Translation>
</Transform>
</Instance>
<Instance name="shutter_hinge-2" uid="shutter_hinge-2" entityUid="shutter_hinge">
<Transform>
<Rotation>-6.2161450601283926e-15 0.93835402290429737 -0.34567575515115512 1 6.8514201055512446e-15 6.1593141940169463e-16 2.9463315440729678e-15 -0.34567575515115512 -0.93835402290429737</Rotation>
<Translation>-0.12952082687378846 0.081000005998176944 -0.002394378041399017</Translation>
</Transform>
<Instance name="Part1^shutter_hinge-1" uid="Part1^shutter_hinge-1" entityUid="Part1^shutter_hinge*:*Default">
<Transform>
<Rotation>0.99999999999999989 3.5961261778290771e-15 6.8190284217883755e-16 -3.6407916577512363e-15 0.99644450121994954 0.084251741753661402 -3.7649844340732138e-16 -0.08425174175366143 0.99644450121994954</Rotation>
<Translation>-1.9993930122641501e-09 -2.7903875758225616e-05 0.00033878471640479135</Translation>
</Transform>
<VisualProperties>
<Ambient r="0.6470588235294118" g="0.51764705882352935" b="0" a="1"/>
<Diffuse r="0.6470588235294118" g="0.51764705882352935" b="0" a="1"/>
<Specular r="0.45294117647058824" g="0.36235294117647054" b="0" a="1"/>
<Emissive r="0" g="0" b="0" a="1"/>
<Shininess>0.3125</Shininess>
</VisualProperties>
</Instance>
<Instance name="Part2^shutter_hinge-1" uid="Part2^shutter_hinge-1" grounded="true" entityUid="Part2^shutter_hinge*:*Default">
<Transform>
<Rotation>-1.7409723670421143e-15 1 -1.1802248265335314e-15 -0.89775164036859234 -2.0828521683767348e-15 -0.44050197753869613 -0.44050197753869613 2.9264700350193843e-16 0.89775164036859234</Rotation>
<Translation>-0.0089999999999999941 0.0040000000000000452 0.00050000000000000044</Translation>
</Transform>
<VisualProperties>
<Ambient r="0.6470588235294118" g="0.51764705882352935" b="0" a="1"/>
<Diffuse r="0.6470588235294118" g="0.51764705882352935" b="0" a="1"/>
<Specular r="0.45294117647058824" g="0.36235294117647054" b="0" a="1"/>
<Emissive r="0" g="0" b="0" a="1"/>
<Shininess>0.3125</Shininess>
</VisualProperties>
</Instance>
<Instance name="Part1^shutter_hinge-2" uid="Part1^shutter_hinge-2" entityUid="Part1^shutter_hinge*:*Default">
<Transform>
<Rotation>-1 -1.9198212775058781e-15 -2.9779338334440405e-16 1.8839039544511206e-15 -0.995685233603256 0.092795019178991356 -4.7465832672716955e-16 0.092795019178991356 0.995685233603256</Rotation>
<Translation>-9.8532293435482643e-16 0.0079363434248223702 -0.00036902269351732353</Translation>
</Transform>
<VisualProperties>
<Ambient r="0.6470588235294118" g="0.51764705882352935" b="0" a="1"/>
<Diffuse r="0.6470588235294118" g="0.51764705882352935" b="0" a="1"/>
<Specular r="0.45294117647058824" g="0.36235294117647054" b="0" a="1"/>
<Emissive r="0" g="0" b="0" a="1"/>
<Shininess>0.3125</Shininess>
</VisualProperties>
</Instance>
</Instance>
<Instance name="MirrorMirrorslotted_hinge-4" uid="MirrorMirrorslotted_hinge-4" entityUid="MirrorMirrorslotted_hinge*:*Default">
<Transform>
<Rotation>-0.90222825616905555 1.0304067964298142e-14 0.43125882457074993 -1.0142084188807946e-14 -1 2.6749435999562586e-15 0.43125882457074977 -1.9604536064237865e-15 0.902228256169056</Rotation>
