<?xml version="1.0" encoding="UTF-8" standalone="no" ?>
<SimscapeMultibodyImportXML version="2.0" xmlns="urn:mathworks:SimscapeMultibody:import" xmlns:xsi="http://www.w3.org/2001/XMLSchema-instance">
<Created by="" on="04/24/25||04:27:48" using="Simscape Multibody Link Version 7.4" from="SolidWorks 32.1.0"/>
<ModelUnits mass="kilogram" length="millimeter"/>
<DataUnits mass="kilogram" length="meter"/>
<RootAssembly name="trewttre" uid="trewttre" version="12350">
<AssemblyFile name="trewttre.SLDASM" type="SolidWorks Assembly"/>
<InstanceTree>
<Instance name="Hinge-5" uid="Hinge-5" entityUid="Hinge">
<Transform>
<Rotation>1.1300739017401837e-15 0.99568523360325567 -0.092795019178994603 -1 1.0943107786333755e-15 -4.3628223626915212e-16 -3.32853190645537e-16 0.092795019178994603 0.99568523360325567</Rotation>
<Translation>-0.056436343424823725 0.081000000000000086 -0.041569022693517407</Translation>
</Transform>
</Instance>
<Instance name="ceiling-2" uid="ceiling-2" entityUid="ceiling*:*other">
<Transform>
<Rotation>1 0 0 0 1 0 0 0 1</Rotation>
<Translation>0 -0.16424999999999898 0</Translation>
</Transform>
</Instance>
<Instance name="side-1" uid="side-1" entityUid="side*:*Default">
<Transform>
<Rotation>1 0 0 0 1 0 0 0 1</Rotation>
<Translation>-0.050000000000000003 0 0.050000000000000003</Translation>
</Transform>
</Instance>
<Instance name="Hinge-2" uid="Hinge-2" entityUid="Hinge">
<Transform>
<Rotation>2.0968662053471153e-15 0.57056279093467499 -0.8212539811780728 -1 2.4051346647155262e-15 -8.8229204981616791e-16 1.4718234043044275e-15 0.8212539811780728 0.57056279093467499</Rotation>
<Translation>0.047328375826849921 -0.081000001999391863 -0.044270297320179411</Translation>
</Transform>
</Instance>
<Instance name="Hinge-1" uid="Hinge-1" entityUid="Hinge">
<Transform>
<Rotation>1.4728760963303438e-15 0.57056279093467432 -0.82125398117807336 -1 1.9458444813626914e-15 -4.4158037176148361e-16 1.346083197738291e-15 0.82125398117807336 0.57056279093467432</Rotation>
<Translation>0.047328375826849942 0.080999998000608184 -0.044270297320177961</Translation>
</Transform>
</Instance>
<Instance name="Hinge-6" uid="Hinge-6" entityUid="Hinge">
<Transform>
<Rotation>2.1101111507476237e-15 0.99568523360325567 -0.092795019178994589 -1 2.08977958641649e-15 -3.1627209441698882e-16 -1.2098631741038083e-16 0.092795019178994589 0.99568523360325567</Rotation>
<Translation>-0.056436343424823718 -0.08100000000000003 -0.041569022693517296</Translation>
</Transform>
</Instance>
<Instance name="hing_support-1" uid="hing_support-1" entityUid="hing_support*:*Default">
<Transform>
<Rotation>1 0 0 0 1 0 0 0 1</Rotation>
<Translation>-0.045000000000000179 0.071750000000000036 -0.044999999999999811</Translation>
</Transform>
</Instance>
<Instance name="Real NRF-1" uid="Real NRF-1" entityUid="Real NRF" rigid="true">
<Transform>
<Rotation>1 0 0 0 -1.367995606967265e-15 -1 0 1 -1.367995606967265e-15</Rotation>
<Translation>-0.19686236506210286 -0.15614997175514397 -0.065558814664988821</Translation>
</Transform>
<Instance name="Real NRF.step-1" uid="Real NRF.step-1" grounded="true" entityUid="Real NRF.step" rigid="true">
<Transform>
<Rotation>1 0 0 0 1 0 0 0 1</Rotation>
<Translation>0 0 0</Translation>
</Transform>
<Instance name="NQvi-H2.step-1" uid="NQvi-H2.step-1" grounded="true" entityUid="NQvi-H2.step" rigid="true">
<Transform>
<Rotation>1 0 0 0 1 0 0 0 1</Rotation>
<Translation>0.049022098044195994 0.075819151638302995 0.0016000282448559999</Translation>
</Transform>
<Instance name="HDR-TH_4P-P2.54-V-M.step-1" uid="HDR-TH_4P-P2.54-V-M.step-1" grounded="true" entityUid="HDR-TH_4P-P2.54-V-M.step" rigid="true">
<Transform>
<Rotation>1 0 0 0 1 0 0 0 1</Rotation>
<Translation>0 0 0</Translation>
</Transform>
</Instance>
</Instance>
<Instance name="NQvi-P8.step-1" uid="NQvi-P8.step-1" grounded="true" entityUid="NQvi-P8.step" rigid="true">
<Transform>
<Rotation>1 0 0 0 1 0 0 0 1</Rotation>
<Translation>0.06150662941325899 0.075819177038354002 0.0016000282448559999</Translation>
</Transform>
<Instance name="HDR-TH_2P-P2.54-V-F.step-1" uid="HDR-TH_2P-P2.54-V-F.step-1" grounded="true" entityUid="HDR-TH_2P-P2.54-V-F.step" rigid="true">
<Transform>
<Rotation>1 0 0 0 1 0 0 0 1</Rotation>
<Translation>0 0 0</Translation>
</Transform>
</Instance>
</Instance>
<Instance name="NQvi-H1.step-1" uid="NQvi-H1.step-1" grounded="true" entityUid="NQvi-H1.step" rigid="true">
<Transform>
<Rotation>1 0 0 0 1 0 0 0 1</Rotation>
<Translation>0.032677571755143991 0.075819151638302995 0.0016000282448559999</Translation>
</Transform>
<Instance name="HDR-TH_5P-P2.54-V-F.step-1" uid="HDR-TH_5P-P2.54-V-F.step-1" grounded="true" entityUid="HDR-TH_5P-P2.54-V-F.step" rigid="true">
<Transform>
<Rotation>1 0 0 0 1 0 0 0 1</Rotation>
<Translation>0 0 0</Translation>
</Transform>
</Instance>
</Instance>
</Instance>
</Instance>
<Instance name="shutter_hinge-1" uid="shutter_hinge-1" entityUid="shutter_hinge">
<Transform>
<Rotation>2.6515240526464439e-15 0.63651278110457044 0.77126615347137173 -1 4.1657043367532464e-15 0 -3.212866760306791e-15 -0.77126615347137173 0.63651278110457044</Rotation>
<Translation>-0.10003944786219264 -0.080999997782498639 0.030784369911414911</Translation>
</Transform>
</Instance>
<Instance name="hing_support-2" uid="hing_support-2" entityUid="hing_support*:*Default">
<Transform>
<Rotation>1 0 0 0 1 0 0 0 1</Rotation>
<Translation>-0.045000000000000179 -0.090250000000000025 -0.044999999999999811</Translation>
</Transform>
</Instance>
<Instance name="Mirrorhing_support-3" uid="Mirrorhing_support-3" entityUid="Mirrorhing_support*:*Default">
<Transform>
<Rotation>-1 0 0 0 1 0 0 0 -1</Rotation>
<Translation>0.045000000000000179 0.071750000000000036 -0.044999999999999811</Translation>
</Transform>
</Instance>
<Instance name="Mirrorhing_support-4" uid="Mirrorhing_support-4" entityUid="Mirrorhing_support*:*Default">
<Transform>
<Rotation>-1 0 0 0 1 0 0 0 -1</Rotation>
<Translation>0.045000000000000179 -0.090250000000000025 -0.044999999999999811</Translation>
</Transform>
</Instance>
<Instance name="shutter_hinge-4" uid="shutter_hinge-4" entityUid="shutter_hinge">
<Transform>
<Rotation>3.6800187458854842e-16 0.63651278110457044 -0.77126615347137173 -1 4.116496262934693e-16 -1.3741252048832348e-16 2.3002659827468008e-16 0.77126615347137173 0.63651278110457044</Rotation>
<Translation>0.10003944786219282 0.081000006216287862 0.030784369911415154</Translation>
</Transform>
</Instance>
<Instance name="shutter_hinge-3" uid="shutter_hinge-3" entityUid="shutter_hinge">
<Transform>
<Rotation>2.6515240526464439e-15 0.63651278110457044 0.77126615347137173 1 -4.1657043367534956e-15 0 3.212866760306791e-15 0.77126615347137173 -0.63651278110457044</Rotation>
<Translation>0.10003944786219264 -0.080999997782498639 0.030784369911414911</Translation>
</Transform>
</Instance>
<Instance name="shutter_hinge-2" uid="shutter_hinge-2" entityUid="shutter_hinge">
<Transform>
<Rotation>3.6800187458854842e-16 0.63651278110457044 -0.77126615347137173 1 -4.116496262934693e-16 1.3741252048832348e-16 -2.3002659827468008e-16 -0.77126615347137173 -0.63651278110457044</Rotation>
<Translation>-0.10003944786219282 0.081000006216287862 0.030784369911415154</Translation>
</Transform>
</Instance>
<Instance name="Mirrorside-3" uid="Mirrorside-3" entityUid="Mirrorside*:*Default">
<Transform>
<Rotation>1 0 0 0 1 0 0 0 1</Rotation>
<Translation>-0.050000000000000003 0 -0.050000000000000003</Translation>
</Transform>
</Instance>
<Instance name="ceiling-3" uid="ceiling-3" entityUid="ceiling*:*other">
<Transform>
<Rotation>1 0 0 0 -1 0 0 0 -1</Rotation>
<Translation>0 0.16424999999999898 0</Translation>
</Transform>
</Instance>
</InstanceTree>
<Constraints>
<Coincident name="Coincident10">
<ConstraintGeometry geomType="plane">
<InstancePath>
<Uid>side-1</Uid>
</InstancePath>
<Position>1.6653345369377348e-16 -0.16275000000000003 5.2735593669694936e-16</Position>
<Axis>1.0408340855860841e-15 -1 3.2653618371328116e-15</Axis>
</ConstraintGeometry>
<ConstraintGeometry geomType="plane">
<InstancePath>
<Uid>ceiling-2</Uid>
</InstancePath>
<Position>0 0.0015000000000000013 0</Position>
<Axis>0 1 0</Axis>
</ConstraintGeometry>
</Coincident>
<Concentric name="Concentric2">
<ConstraintGeometry geomType="cylinder">
<InstancePath>
<Uid>side-1</Uid>
</InstancePath>
<Position>0.020000000000000007 -0.17025000000000001 -0.006249999999999957</Position>
<Axis>0 1 0</Axis>
</ConstraintGeometry>
<ConstraintGeometry geomType="cylinder">
<InstancePath>
<Uid>ceiling-2</Uid>
</InstancePath>
<Position>-0.029999999999999995 0.0015000000000000013 0.043750000000000004</Position>
<Axis>0 -1 0</Axis>
</ConstraintGeometry>
</Concentric>
<Distance name="Distance1">
<ConstraintGeometry geomType="plane">
<InstancePath>
<Uid>Mirrorside-3</Uid>
</InstancePath>
<Position>0 0.17025000000000001 0</Position>
<Axis>0 0 -1</Axis>
</ConstraintGeometry>
<ConstraintGeometry geomType="plane">
<InstancePath>
<Uid>side-1</Uid>
</InstancePath>
<Position>0 0.17025000000000001 0</Position>
<Axis>0 0 1</Axis>
</ConstraintGeometry>
</Distance>
<Coincident name="Coincident11">
<ConstraintGeometry geomType="plane">
<InstancePath>
<Uid>ceiling-2</Uid>
</InstancePath>
<Position>0 0 0</Position>
<Axis>1 0 0</Axis>
</ConstraintGeometry>
<ConstraintGeometry geomType="plane">
<InstancePath>
<Uid>trewttre</Uid>
</InstancePath>
<Position>0 0 0</Position>
<Axis>1 0 0</Axis>
</ConstraintGeometry>
</Coincident>
<Coincident name="Coincident55">
<ConstraintGeometry geomType="plane">
<InstancePath>
<Uid>Mirrorside-3</Uid>
</InstancePath>
<Position>0 0.17025000000000001 0.0015000000000000013</Position>
<Axis>0 0 1</Axis>
</ConstraintGeometry>
<ConstraintGeometry geomType="plane">
<InstancePath>
<Uid>hing_support-1</Uid>
</InstancePath>
<Position>-0.00350000000000001 0.018500000000000003 -0.0035000000000000031</Position>
<Axis>0 0 -1</Axis>
</ConstraintGeometry>
</Coincident>
<Coincident name="Coincident56">
<ConstraintGeometry geomType="plane">
<InstancePath>
<Uid>Mirrorside-3</Uid>
</InstancePath>
<Position>0.0015000000000000013 0.17025000000000001 0</Position>
<Axis>1 0 0</Axis>
</ConstraintGeometry>
<ConstraintGeometry geomType="plane">
<InstancePath>
<Uid>hing_support-1</Uid>
</InstancePath>
<Position>-0.00350000000000001 0.018500000000000003 -0.0035000000000000031</Position>
<Axis>-1 0 -9.9127055770103265e-16</Axis>
</ConstraintGeometry>
</Coincident>
<Distance name="Distance6">
<ConstraintGeometry geomType="plane">
<InstancePath>
<Uid>hing_support-1</Uid>
</InstancePath>
<Position>0 0.018500000000000003 0</Position>
<Axis>0 1 0</Axis>
</ConstraintGeometry>
<ConstraintGeometry geomType="plane">
<InstancePath>
<Uid>Mirrorside-3</Uid>
</InstancePath>
<Position>0.098500000000000004 0.17025000000000001 0.0025000000000000022</Position>
<Axis>0 1 0</Axis>
</ConstraintGeometry>
</Distance>
<Coincident name="Coincident84">
<ConstraintGeometry geomType="plane">
<InstancePath>
<Uid>side-1</Uid>
</InstancePath>
<Position>0 0.17025000000000001 0</Position>
<Axis>0 0 1</Axis>
</ConstraintGeometry>
<ConstraintGeometry geomType="plane">
<InstancePath>
<Uid>trewttre</Uid>
</InstancePath>
<Position>0 -0.19358296273397374 0.050000000000000003</Position>
<Axis>0 -1.2246467991473525e-16 1</Axis>
</ConstraintGeometry>
</Coincident>
<Coincident name="Coincident117">
<ConstraintGeometry geomType="line">
<InstancePath>
<Uid>side-1</Uid>
</InstancePath>
<Position>0.089999999999999997 -0.16275000000000003 -0.02</Position>
<Axis>1 3.7007434154171856e-15 0</Axis>
</ConstraintGeometry>
<ConstraintGeometry geomType="plane">
<InstancePath>
<Uid>ceiling-2</Uid>
</InstancePath>
<Position>0 0.0015000000000000013 0</Position>
<Axis>0 1 0</Axis>
</ConstraintGeometry>
</Coincident>
<Parallel name="Parallel15">
<ConstraintGeometry geomType="plane">
<InstancePath>
<Uid>side-1</Uid>
</InstancePath>
<Position>0.10000000000000001 0.17025000000000001 0</Position>
<Axis>1 0 0</Axis>
</ConstraintGeometry>
<ConstraintGeometry geomType="plane">
<InstancePath>
<Uid>ceiling-2</Uid>
</InstancePath>
<Position>0.048500000000000001 0.0015000000000000013 0</Position>
<Axis>1 0 0</Axis>
</ConstraintGeometry>
</Parallel>
<Parallel name="Parallel16">
<ConstraintGeometry geomType="plane">
<InstancePath>
<Uid>side-1</Uid>
</InstancePath>
<Position>0 0.17025000000000001 0</Position>
<Axis>0 0 1</Axis>
</ConstraintGeometry>
<ConstraintGeometry geomType="plane">
<InstancePath>
<Uid>ceiling-2</Uid>
</InstancePath>
<Position>0 0.0015000000000000013 0.048500000000000008</Position>
<Axis>0 0 1</Axis>
</ConstraintGeometry>
</Parallel>
</Constraints>
</RootAssembly>
<Assemblies>
<Assembly name="Hinge" uid="Hinge" version="246">
<ModelUnits mass="kilogram" length="millimeter"/>
<AssemblyFile name="Hinge.SLDASM" type="SolidWorks Assembly"/>
<Constraints>
</Constraints>
</Assembly>
<Assembly name="Real NRF" uid="Real NRF" version="109">
<ModelUnits mass="kilogram" length="millimeter"/>
<AssemblyFile name="Real NRF.SLDASM" type="SolidWorks Assembly"/>
</Assembly>
<Assembly name="Real NRF.step" uid="Real NRF.step" version="108">
<ModelUnits mass="kilogram" length="millimeter"/>
<AssemblyFile name="Real NRF.step.SLDASM" type="SolidWorks Assembly"/>
</Assembly>
<Assembly name="NQvi-H2.step" uid="NQvi-H2.step" version="104">
<ModelUnits mass="kilogram" length="millimeter"/>
<AssemblyFile name="NQvi-H2.step.SLDASM" type="SolidWorks Assembly"/>
</Assembly>
<Assembly name="HDR-TH_4P-P2.54-V-M.step" uid="HDR-TH_4P-P2.54-V-M.step" version="104">
<ModelUnits mass="kilogram" length="millimeter"/>
<AssemblyFile name="HDR-TH_4P-P2.54-V-M.step.SLDASM" type="SolidWorks Assembly"/>
</Assembly>
<Assembly name="NQvi-P8.step" uid="NQvi-P8.step" version="104">
<ModelUnits mass="kilogram" length="millimeter"/>
<AssemblyFile name="NQvi-P8.step.SLDASM" type="SolidWorks Assembly"/>
</Assembly>
<Assembly name="HDR-TH_2P-P2.54-V-F.step" uid="HDR-TH_2P-P2.54-V-F.step" version="103">
<ModelUnits mass="kilogram" length="millimeter"/>
<AssemblyFile name="HDR-TH_2P-P2.54-V-F.step.SLDASM" type="SolidWorks Assembly"/>
</Assembly>
<Assembly name="NQvi-H1.step" uid="NQvi-H1.step" version="104">
<ModelUnits mass="kilogram" length="millimeter"/>
<AssemblyFile name="NQvi-H1.step.SLDASM" type="SolidWorks Assembly"/>
</Assembly>
<Assembly name="HDR-TH_5P-P2.54-V-F.step" uid="HDR-TH_5P-P2.54-V-F.step" version="104">
<ModelUnits mass="kilogram" length="millimeter"/>
<AssemblyFile name="HDR-TH_5P-P2.54-V-F.step.SLDASM" type="SolidWorks Assembly"/>
</Assembly>
<Assembly name="shutter_hinge" uid="shutter_hinge" version="224">
<ModelUnits mass="kilogram" length="millimeter"/>
<AssemblyFile name="shutter_hinge.SLDASM" type="SolidWorks Assembly"/>
<Constraints>
</Constraints>
</Assembly>
</Assemblies>
<Parts>
<Part name="Mirrorhing_support" uid="Mirrorhing_support*:*Default" version="130">
<ModelUnits mass="kilogram" length="millimeter"/>
<PartFile name="Mirrorhing_support.SLDPRT" type="SolidWorks Part"/>
<MassProperties>
<Mass>0.00081770686437593028</Mass>
<CenterOfMass>1.5908718445358412e-05 0.0092499999999999995 3.5957668729737182e-05</CenterOfMass>
<Inertia>2.6509340598764568e-08 6.9929030226314703e-09 2.6738152721762181e-08 0 -4.2074742639347677e-11 0</Inertia>
</MassProperties>
<GeometryFile name="Mirrorhing_support_Default_sldprt.STEP" type="STEP"/>
<VisualProperties>
<Ambient r="0.792156862745098" g="0.81960784313725488" b="0.93333333333333335" a="1"/>
<Diffuse r="0.792156862745098" g="0.81960784313725488" b="0.93333333333333335" a="1"/>
<Specular r="0.396078431372549" g="0.40980392156862744" b="0.46666666666666667" a="1"/>
<Emissive r="0" g="0" b="0" a="1"/>
<Shininess>0.3125</Shininess>
</VisualProperties>
</Part>
<Part name="Mirrorside" uid="Mirrorside*:*Default" version="108">
<ModelUnits mass="kilogram" length="millimeter"/>
<PartFile name="Mirrorside.SLDPRT" type="SolidWorks Part"/>
<MassProperties>
<Mass>0.10101218364522831</Mass>
<CenterOfMass>0.050000000000000024 0 0.0060903652350068772</CenterOfMass>
<Inertia>0.0011987517476177549 0.000190934247976094 0.0013819297478235774 0 0 0</Inertia>
</MassProperties>
<GeometryFile name="Mirrorside_Default_sldprt.STEP" type="STEP"/>
<VisualProperties>
<Ambient r="0.792156862745098" g="0.81960784313725488" b="0.93333333333333335" a="1"/>
<Diffuse r="0.792156862745098" g="0.81960784313725488" b="0.93333333333333335" a="1"/>
<Specular r="0.396078431372549" g="0.40980392156862744" b="0.46666666666666667" a="1"/>
<Emissive r="0" g="0" b="0" a="1"/>
<Shininess>0.3125</Shininess>
</VisualProperties>
</Part>
<Part name="ceiling" uid="ceiling*:*other" version="237">
<ModelUnits mass="kilogram" length="millimeter"/>
<PartFile name="ceiling.SLDPRT" type="SolidWorks Part"/>
<MassProperties>
<Mass>0.014824970001358771</Mass>
<CenterOfMass>0 0.00074999999999999991 0</CenterOfMass>
<Inertia>1.8892908633189287e-05 3.8038019171006068e-05 1.9150669901567295e-05 0 0 0</Inertia>
</MassProperties>
<GeometryFile name="ceiling_other_sldprt.STEP" type="STEP"/>
<VisualProperties>
<Ambient r="0.89803921568627454" g="0.91764705882352937" b="0.92941176470588238" a="1"/>
<Diffuse r="0.89803921568627454" g="0.91764705882352937" b="0.92941176470588238" a="1"/>
<Specular r="0.44901960784313727" g="0.45882352941176469" b="0.46470588235294119" a="1"/>
<Emissive r="0" g="0" b="0" a="1"/>
<Shininess>0.3125</Shininess>
</VisualProperties>
</Part>
<Part name="hing_support" uid="hing_support*:*Default" version="157">
<ModelUnits mass="kilogram" length="millimeter"/>
<PartFile name="hing_support.SLDPRT" type="SolidWorks Part"/>
<MassProperties>
<Mass>0.00081770686437593028</Mass>
<CenterOfMass>1.5908718445358399e-05 0.0092499999999999995 -3.5957668729737216e-05</CenterOfMass>
<Inertia>2.6509340598764568e-08 6.9929030226314695e-09 2.6738152721762177e-08 0 4.2074742639347651e-11 0</Inertia>
</MassProperties>
<GeometryFile name="hing_support_Default_sldprt.STEP" type="STEP"/>
<VisualProperties>
<Ambient r="0.792156862745098" g="0.81960784313725488" b="0.93333333333333335" a="1"/>
<Diffuse r="0.792156862745098" g="0.81960784313725488" b="0.93333333333333335" a="1"/>
<Specular r="0.396078431372549" g="0.40980392156862744" b="0.46666666666666667" a="1"/>
<Emissive r="0" g="0" b="0" a="1"/>
<Shininess>0.3125</Shininess>
</VisualProperties>
</Part>
<Part name="side" uid="side*:*Default" version="843">
<ModelUnits mass="kilogram" length="millimeter"/>
<PartFile name="side.SLDPRT" type="SolidWorks Part"/>
<MassProperties>
<Mass>0.10101218364522864</Mass>
<CenterOfMass>0.049999999999999989 0 -0.0060903652350068858</CenterOfMass>
<Inertia>0.0011987517476177592 0.00019093424797609468 0.0013819297478235824 0 0 0</Inertia>
</MassProperties>
<GeometryFile name="side_Default_sldprt.STEP" type="STEP"/>
<VisualProperties>
<Ambient r="0.89803921568627454" g="0.91764705882352937" b="0.92941176470588238" a="1"/>
<Diffuse r="0.89803921568627454" g="0.91764705882352937" b="0.92941176470588238" a="1"/>
<Specular r="0.44901960784313727" g="0.45882352941176469" b="0.46470588235294119" a="1"/>
<Emissive r="0" g="0" b="0" a="1"/>
<Shininess>0.3125</Shininess>
</VisualProperties>
</Part>
</Parts>
</SimscapeMultibodyImportXML>
